x
1.35633715174039
1.56812977024423
0.854812467737378
1.17319244948914
0.741303501900915
0.70177892368616
-0.0687321679322591
1.02395830170866
2.57692113859554
0.62470689197188
0.145008672180139
-0.445215818979713
0.25250852264206
0.698828293044459
-0.413361461555018
-1.54744259463866
0.869679183760705
1.2695297079422
0.651371667208524
-2.04654587240782
0.22615367452563
-1.54864299299771
-0.191439996302005
-0.396377582211163
-0.773235925135648
0.884793529789012
-0.67616028286781
1.05213502171569
3.14257690825885
1.76185834398699
0.3168138759136
1.36285713138123
1.04657004538824
0.307122132342819
-0.221573004763613
-1.78880358758727
0.0855979432193592
0.760405168407154
1.14902831643508
0.603861275351563
0.105349594017774
-0.352176791531754
-1.29761099693693
0.53773106193479
0.855014952390529
1.93662447052972
0.0604133345679245
0.493624207499641
0.57973744568703
-0.131789086870969
-0.216001704261075
2.2324548966576
1.66660373815955
2.75437859079046
0.993292163682108
1.68168613860269
-0.967002678240734
0.12285433337085
0.277266828208006
1.04483072537161
0.0604047375127496
-0.530898777553444
-0.60407950323271
-0.409881043332381
2.3270691857677
1.18618182065403
1.84586239142238
2.48598177452734
1.57111387395644
1.15579855694042
-1.95513348770738
-0.96918428018972
0.839758119996651
-0.802992437244858
-1.44415638757035
-0.494970083452032
-1.77002908215096
-2.50737131680152
-0.71940580409108
0.223094130409357
0.0542665238881735
-1.92287851960296
-0.996318082910853
-2.5893173311951
-2.78939335936617
-2.44869254528855
-2.03396213118684
-1.70394572052093
-0.840114931568319
0.494690106040785
-1.72660407130685
-1.12931473034418
-0.703890596306428
-1.29485874639537
0.893069235021518
0.698957160015507
0.701491415732773
0.897597145835768
0.0141600396632409
-1.12202469421666
-1.22024312074434
0.428111184813168
-0.568646571575453
-0.134897699950556
-0.799132303041942
-0.37451598722618
0.328267670332685
-1.65804016006627
-1.35958693400032
-1.10012629055935
1.15829154259604
0.612872052118289
-0.241093123781898
-1.94832286130583
-0.342260082626227
-1.06663110805943
-0.527935520789913
-1.96483507460135
-1.23066724198417
-0.546459282331452
-0.430433296084219
0.474828822477387
2.39955800816311
1.59777431409314
0.784538466459129
0.234772254477835
0.965758638846622
-0.264115623422519
-0.0529642414478836
1.35287368743722
1.61517022519358
0.370786198430998
1.42353215242178
0.548644651981528
0.367440635432164
0.357168657397548
0.723535363918763
-0.580280619331978
0.308657033623397
-0.0994666695515914
-1.28492069790139
-2.01395655210331
-0.032276628988881
-0.171216142051307
0.267903149169562
1.50253786536462
0.669221090778004
1.11662041611061
2.21159318957381
0.696108479876003
-1.13091753634157
0.45880010497621
0.156447887394371
0.209082617284762
-0.244121983099307
-0.250273449214158
0.236545604617917
0.358922832711127
0.450257098392823
1.9855336963105
1.5242769920545
1.30064720984045
1.61496199558411
-0.085971780559989
0.556803440057322
-0.441706816874558
1.0079967829408
2.44695276548432
1.00413573674503
0.635672080905867
0.527240646530111
1.36029315401417
-0.41657375388869
0.312453872431097
0.1368768446048
-0.015832636619042
0.196564654024972
0.738524414916486
0.964656425768648
1.36926895879193
-1.20056391329921
-0.45373072780015
-1.43559549253724
-0.660869910445406
-1.0227024322784
-1.61417929407463
-0.952373164703997
-0.690222655764881
-0.104606856169061
-0.0255235114002666
1.19201778610136
0.278854786456134
-0.382773880791746
0.555183516928235
-0.38175662813977
-0.447838578274671
-0.868886055013075
1.76299310578841
1.01568132837135
-0.706985153706461
-0.891398340545779
-1.1793575772841
-1.87311470871782
-0.644674866363628
1.84503859283881
2.36522611111587
-0.298603292730465
-0.369471611261679
0.439398596128323
0.572713233740902
-0.0915021743630063
0.0911709768923431
-1.49131572279985
-1.40989005667896
-1.25713791644549
-1.98070405167748
-0.751592189040639
-1.88709998458579
-1.13618122613805
-0.772226991861264
-0.84997538300542
-1.24006905512232
-1.45084417309483
-0.984932584677217
0.895863952759953
-0.35658701944217
-2.72471975681442
-0.580027710873578
-0.0330502271117954
-0.112564069498768
0.308137563192455
-0.368237929811905
-0.48712945231247
-0.846386048574977
0.0793833344086365
-0.107840913741731
0.518710518843913
-1.84053039307836
0.65213635646628
0.41942675419234
0.696485024847538
-1.32049743479277
0.389363447025139
-0.286723920585158
-1.09507587294032
-1.22141729980108
1.04819860822945
-1.96286653095674
0.636178927611268
0.876678944079514
0.736675198868521
0.373516794131202
-2.20434416293988
-1.20333660054436
0.694644760304835
-0.0943036883264652
-1.70459740134994
-0.0217715014467049
1.14190270376821
1.23938167733907
1.49007081351159
2.40399127099887
2.41950987826559
0.00555400666003031
1.63821710462214
1.44837420987531
0.061496769640561
1.16559415116627
0.202721248082329
-0.546090358499317
-0.80437477744208
0.692090834317728
-0.538506359219711
-0.39493068759728
0.780085708297728
-0.6739618371717
-1.68831180375001
0.613665139676715
0.439522441125464
0.442571974928692
-0.563198580222527
-0.292214050348384
0.405304049001
0.827962263529601
0.857086600907092
-0.311270568923902
-2.35467614884073
0.98515071593033
0.625317102273244
1.08353517500533
1.7568812848234
1.26755840758394
0.206687873872471
-0.435590770397654
0.228904170888266
-0.399915083768233
-1.52451543395712
-0.263327685639808
0.729770038925988
0.795380109187022
0.617076310088742
0.953048362433064
-0.599619486862834
-1.40410431482373
-0.699346362282401
-0.914385510259826
-0.00556021919325955
-1.33456299358735
0.903175970231894
-1.37034973177817
0.535834471470454
1.22535689745026
-0.329625121095973
-0.701430029651596
-2.32302227458413
-2.33348855845025
-0.876899796926354
-0.56097389581926
-0.549096776936126
-0.972555322670778
0.855425645086392
-1.53680312979357
-0.0663272808498266
-1.99314822546819
-1.80742028003354
-2.46921855487271
-2.05474124144011
-3.14884016758217
-2.05270441216812
-1.38626045871786
-1.14796992910872
0.116369691862535
-0.353734843045945
-1.43398762841832
-0.319837434319314
-1.68236453475788
-0.484362920699227
0.116509740722993
0.0426292659924582
0.176211773676075
0.0363956339180128
-1.22048094646736
-0.550529795283294
0.856362733680994
-1.88967064831022
-0.783073046504913
-1.88051799755214
-1.01735574479264
-1.28923654479772
-0.0199763645882008
0.286115347314148
-3.18356877116512
-2.71414865243752
-1.70641484822029
-2.33492232258692
-2.51743122336485
0.386601368940178
0.594924117885383
0.798041378247528
-1.26880738391197
-1.00136508363187
-2.50545566178108
-0.0430728813147971
-1.03527061810072
-0.460034120257992
-0.871643040037515
-1.82044378087099
-1.80661199652971
-2.23820512284192
-2.51319844516675
-0.457266835912889
-0.73812667329001
-0.767072532055926
-2.24955392459049
-2.65040645951384
-1.63476069513389
-2.17574159898362
-2.16334596468628
-1.40813756449258
0.229839265279737
0.571010927073768
-0.31200499090358
0.334854780887097
0.935128734443898
0.955908935454136
-0.201712577058632
0.79966520655977
0.123943748820342
-0.906952736730063
0.442335582213929
0.185076438231744
0.0267010977531954
1.17634741193659
-0.571436746198917
0.611045920680799
1.25780008086269
0.906983627248814
-0.192960034274652
-0.681586459163676
0.424565010225476
0.712971359148786
0.799457366278362
0.918957891361862
-0.904554697845427
0.684168340859894
1.42398181320464
-1.62842412933721
0.406021088650507
0.65596113661728
0.823162291697451
1.7366254556245
0.913943410326636
0.345906661152661
-0.36329452769303
1.12489789721255
-0.824980135054942
-2.19960726867298
-1.43111001763349
0.376397208528837
0.0922474638575092
1.46857273407007
0.642360799830562
0.495901009107898
-2.00962014267703
-0.994966882938568
-1.53069538350241
-0.194719220149181
-1.1167159845541
-1.76326699202518
-1.50348065389743
-1.14594364619318
-1.65706861807554
0.348197780400007
-0.903670124870601
-1.10770195227637
0.215782181477331
0.040047733210581
-0.290649787200343
-0.150642595300083
-0.739972325605615
-0.978562442001028
1.30713987066039
1.10573891507215
-0.465182930800253
-0.35716983525631
-0.505959661305142
0.37150572095854
-0.560407758882946
0.188679446668099
-0.624230806465927
-0.136432783113422
0.51657080197422
1.06020378900036
2.34697429623566
-0.405810071195553
-0.723645368657608
0.83147952366341
0.0654968724018115
0.850429436903059
0.701765545352154
0.64498680860096
-0.191684138174772
1.46715318094135
0.395317406489225
0.387347196216325
0.36410156910059
-0.403954435046986
-0.906259426830226
-2.23509935871412
-1.41907118474559
0.757842566940713
0.228256678412904
0.967560631097262
0.103777374975358
-3.01294432710797
-1.66984949712176
-2.6694426953417
-1.43276538830602
-0.531569072104303
-0.576144385526447
-2.11800595335995
-2.12301487952955
-1.16275233771998
-0.52057153648001
-1.27770840454431
-0.520102346852808
-1.9098677052698
-1.00548021544716
-0.5725320206252
0.674383368537084
-0.356496406499374
-1.14363107097465
-0.539468379198777
-0.469799528733623
0.607623377590294
0.197046465580875
0.913885633814877
0.0696752366890717
-0.961290159327864
-1.21210883901197
